,business analyst,data analyst,data scientist,machine learning engineer,software engineer
abilities,0.2748523961309186,0.5008013185473501,0.15223007884962345,0.039632797736911106,0.0324834087351968
ability,0.2635019361922088,0.39100455358713704,0.22001902354061317,0.048315712171131044,0.07715877450891022
ability work,0.29191847154855183,0.40233139516354227,0.192724206961383,0.03575878005152023,0.07726714627500249
able,0.2755541697318606,0.32784219292953354,0.21944040440807458,0.05981011298940784,0.11735311994112309
able work,0.3121300648870536,0.3695337212719932,0.16637608060103778,0.06641737770119925,0.08554275553871696
academic,0.0874747529358601,0.3018994553395666,0.3958253686030621,0.13416248832350047,0.08063793479801067
access,0.21128953011179102,0.29940318049829573,0.2938829993862825,0.09926922515477729,0.09615506484885325
accommodation,0.15098204017685224,0.2527908903862267,0.3119505001593363,0.1562294569096483,0.12804711236793587
accommodations,0.13773514450865465,0.17732689719430486,0.45482810079333474,0.09494814454338082,0.1351617129603252
account,0.39780628396393447,0.3257726663632641,0.16011520281001315,0.06391803354376188,0.05238781331902655
accounting,0.5319328466133771,0.4509896364272038,0.005371697846377891,0.006433149827861243,0.00527266928518039
accuracy,0.12257181146532597,0.5106720121748558,0.20720528362500898,0.08271640691673109,0.07683448581807792
accurate,0.2770827469108368,0.5206271405479108,0.12708609624044317,0.02174263071628394,0.05346138558452491
achieve,0.16899856489725137,0.3713212012292586,0.18592446691443587,0.13577030297652928,0.13798546398252529
acquisition,0.1363744600720021,0.39825568318744703,0.3232416648437699,0.12416879798136757,0.017959393915413367
act,0.37806302746610604,0.35166393603770085,0.14991428260435996,0.06614538371075623,0.054213370181077275
action,0.1871699266236283,0.3554355635994811,0.3198651532562121,0.07247284927259372,0.0650565072480842
action employer,0.16021068904868638,0.22934551871588355,0.39828394170146497,0.11659637764443535,0.09556347288953065
actionable,0.11207008807321969,0.4117385817600786,0.4244003645707256,0.028462684942510332,0.023328280653465497
actionable insights,0.09447784089422787,0.47656244296986566,0.41138188761953204,0.009660221416569158,0.00791760709980539
actions,0.1844932270327803,0.3826100332622291,0.35406921256601354,0.02706597349321388,0.051761553645763764
active,0.10038163593369823,0.25761269738530046,0.31710349154720185,0.21554139279722132,0.10936078233657769
activities,0.3711008819754186,0.3296014514207655,0.21114812421759083,0.04569960902482551,0.04244993336139977
ad,0.21328921861612976,0.44691846208720803,0.22068253500078688,0.06912189231298296,0.0499878919828927
ad hoc,0.2627660333181584,0.49709370480651655,0.218841120257418,0.01672878564387515,0.004570355974032071
addition,0.1251384387822616,0.3306389221317267,0.22945261433869138,0.1005338936328083,0.21423613111451176
additional,0.2664123687782093,0.2668525302886779,0.2139414923168386,0.178048761121368,0.07474484749490613
address,0.18364193251500957,0.2773920775789738,0.36277838852716343,0.13532475936928337,0.04086284200956987
administration,0.5764078038617648,0.34181738870974077,0.05600036075077031,0.007451786534760871,0.01832266014296313
advanced,0.1408184463329663,0.3392330220289452,0.38606453901766674,0.0879907155454545,0.045893277074966966
affirmative,0.18262887547774917,0.23466648018469027,0.4047801097815335,0.09037991480523257,0.08754461975079422
affirmative action,0.18262887547774917,0.23466648018469027,0.4047801097815335,0.09037991480523257,0.08754461975079422
age,0.14519834156648534,0.2522675331706397,0.31588090258419654,0.14263741564351579,0.14401580703516267
age marital,0.10856023416251877,0.27860170330216666,0.30586497065307966,0.18870213496640337,0.11827095691583164
agencies,0.09407316396736039,0.27472279021779605,0.37749277125730724,0.1827580320308881,0.07095324252664752
agile,0.3271904817186678,0.0886544161745355,0.14888964715357703,0.034144538131973455,0.40112091682124645
ai,0.00228282874947851,0.015555323822374833,0.37947600129323494,0.33121717582305754,0.2714686703118542
algorithms,0.0014358265128548344,0.04332826963818597,0.49218973143004674,0.292301032498868,0.17074513992004448
allow,0.1541957712998414,0.25605261958832815,0.19592465658652686,0.05100859399697272,0.342818358528331
analyses,0.14181220191941551,0.47182610221324256,0.3677462408114911,0.01666428343918178,0.0019511716166690089
analysis,0.21264594023440553,0.3979382955668908,0.32363533054988153,0.03660255340336325,0.02917788024545865
analysts,0.31868153806831084,0.3952070434841137,0.21729394763220267,0.024550133320036065,0.044267337495336956
analytic,0.13971181853292808,0.3979276854563002,0.4422302940187333,0.0058199491155684355,0.014310252876469613
analytical,0.28475505150732044,0.38073315903841004,0.2882410284937127,0.018693016055686667,0.027577744904869934
analytical problem,0.28295318796343955,0.48438920133380625,0.1007968579705219,0.032922109446064315,0.09893864328616819
analytical skills,0.40324508667707026,0.34702240223424746,0.20307638959402924,0.019719280038630892,0.026936841456021935
analytics,0.11530128512662129,0.47655360593012114,0.35681087804822476,0.02055090076676791,0.030783330128264334
analytics team,0.16630487676756525,0.5138160805739521,0.2784189051746204,0.008132553985452186,0.03332758349840973
analyze,0.26010759611853324,0.4108786151132334,0.2062497319557732,0.04379518639591029,0.07896887041654985
analyzing,0.19061206771084355,0.43714031835383055,0.3246533394168019,0.03270323359111252,0.014891040927411905
ancestry,0.1675720507922334,0.25633264151185936,0.27728203322417755,0.18847397531694574,0.1103392991547848
angeles,0.1883826522589225,0.3906760915077213,0.3153803593452391,0.08290970819837298,0.022651188689743546
app,0.054470292825399905,0.24583566214370456,0.4697060071732965,0.16151573158119475,0.06847230627640441
applicable,0.1345573767692024,0.3098867965518405,0.32979582139340236,0.0775162502321508,0.14824375505340415
applicants,0.1710978024250479,0.274879936036295,0.29916619533195327,0.10482477259200494,0.15003129361469855
applicants receive,0.1836838613721611,0.26132979768191794,0.19904745225420642,0.047675879017238625,0.3082630096744755
application,0.22205879011334306,0.3026242234426825,0.17147266412181292,0.05365151682679285,0.25019280549536876
applications,0.2008454133104878,0.2061502969711956,0.1578292202179583,0.19208984346497296,0.24308522603538565
applied,0.04983081065882995,0.13805877237266787,0.5219877585831438,0.23711940457638012,0.05300325380897778
apply,0.1437788475359284,0.24229564529808517,0.42251560586822723,0.11302518131885214,0.07838471997890763
applying,0.09395505358081187,0.16985296794079513,0.5000178715676568,0.16605983261997942,0.07011427429075699
approach,0.18758337722335933,0.3306550137300658,0.30948791773641593,0.07412859775996754,0.09814509355019158
approaches,0.14059075338632193,0.16517126226922504,0.37789797834914723,0.2671804312305207,0.04915957476478493
appropriate,0.2756423878196573,0.32122864334474316,0.2369947509817808,0.04803194198679249,0.11810227586702604
apps,0.2574260977942674,0.11390363285921015,0.3443294805591563,0.061416700314453024,0.22292408847291256
architecture,0.06214190038743194,0.1174240977997432,0.14075284493627702,0.14389756983862664,0.5357835870379214
area,0.24686912223959978,0.36250370610020227,0.16111513288943602,0.11765342544491156,0.11185861332584987
areas,0.23491205655649094,0.30243716120019054,0.22061905644363763,0.07670716440458432,0.16532456139509674
art,0.004211346405824495,0.061492182594348035,0.3520048833535803,0.5162942282564681,0.06599735938977933
artificial,0.00670990780623337,0.05878503019008188,0.4348138405525065,0.36979619585327383,0.12989502559790417
artificial intelligence,0.006883415298527312,0.060305117122309106,0.42019902973291845,0.3793585344807488,0.13325390336549625
aspects,0.24332551620445622,0.3185385109911758,0.2285206071608285,0.04718559827958947,0.1624297673639498
assigned,0.3870795321796614,0.46053014836031897,0.12117601569701388,0.013192772510765501,0.01802153125223978
assist,0.4965903422785523,0.3008568619920653,0.1271933935523322,0.027340728219239156,0.048018673957810634
assistance,0.16494304345624705,0.2533305241891225,0.22375490400766632,0.11131022490004207,0.24666130344692166
associated,0.23920535441505986,0.2810273746931688,0.41056931146297915,0.04638661795860244,0.02281134147018919
attention,0.2738106765486405,0.5125718103166472,0.09890420268801337,0.03316537161138533,0.08154793883531317
attitude,0.22088289676654513,0.34589450313521586,0.1894049233746058,0.07561049814849063,0.1682071785751432
audiences,0.1395684907597966,0.23937428531503024,0.5679985090260022,0.02242534578675907,0.030633369112412025
automated,0.06422022391777131,0.2102754337558634,0.3563938514022734,0.2560905444834709,0.11301994644062151
automation,0.1911369495385362,0.1659451444538506,0.29594463915300445,0.07553288707740018,0.2714403797772086
available,0.16442835456300825,0.27497587304645194,0.27321145894232407,0.1280341062179623,0.1593502072302535
aws,0.015480199479695879,0.09945535488170114,0.334381394531855,0.268131032000842,0.28255201910590605
ba,0.39686890942869024,0.2598925291234965,0.22363307940880656,0.07304268073723395,0.046562801301773094
bachelor,0.30014633567376964,0.4008891338685932,0.1429087431010059,0.051815337556550434,0.10424044980008132
bachelor degree,0.3221795874576408,0.40177445605227147,0.12593740312132154,0.048968421810068635,0.10114013155869749
backend,0.006371886060504769,0.018607881819507014,0.04188936309736898,0.09316679586697012,0.839964073155649
background,0.12917999776469347,0.25406337931205236,0.29463468390930453,0.16901445700000708,0.15310748201394198
backgrounds,0.04598619567006282,0.1598737399749594,0.35167541971250427,0.16994448872526532,0.2725201559172079
base,0.2087340355563624,0.21824041884123024,0.21055483529669325,0.11303753124798492,0.24943317905772833
based,0.12210977387355813,0.2947493377722111,0.31793431948158585,0.11054276320216287,0.154663805670482
basic,0.2562300371711187,0.22118705744103154,0.24063996485261935,0.17943944445759333,0.10250349607763701
basis,0.15033850540717225,0.3529497241720556,0.3072987169456499,0.11604272075356199,0.07337033272156002
basis race,0.11659676991517,0.3102321481693301,0.31390731176189934,0.16611110504070287,0.09315266511289845
behavior,0.043069016214484536,0.2216033487094226,0.5489442405174431,0.08996220055555901,0.0964211940030911
behaviors,0.16682017219736228,0.2922999582744353,0.36556370169344293,0.0625427706439289,0.11277339719082984
believe,0.07249428080457378,0.2711319440199491,0.31891714479674044,0.11586805452918846,0.2215885758495476
benefit,0.2090435091328192,0.3157612888767246,0.27756216210710394,0.13782798810326824,0.059805051780084294
benefits,0.19863521347675114,0.25588199443242254,0.29155332155568847,0.11906375719357093,0.1348657133415672
best,0.1446264274424112,0.21394834412396915,0.35400520462202667,0.1268028276351159,0.16061719617647738
best practices,0.19326511798580653,0.26491964842339016,0.31485749637143534,0.04879776008520559,0.178159977134162
better,0.18245912401807002,0.30631702770455566,0.2557946373238669,0.14573450189351023,0.10969470905999705
bi,0.22650975773501822,0.6374249132186888,0.12763679248985516,0.004632058463705634,0.0037964780927324223
big,0.06124385099936197,0.15811467267469703,0.5326623178170574,0.12279150378880575,0.12518765472007792
billions,0.023742111323292462,0.10014957662642393,0.4385183888522331,0.08011067625590837,0.35747924694214256
bonus,0.11518410530216108,0.241952710738741,0.23343207197675936,0.22501045523894325,0.18442065674339564
brand,0.14094022118659932,0.33088537136797713,0.3348052032659325,0.1398708108480694,0.05349839333142078
brands,0.07375328121104673,0.2536726466503747,0.5125671651851967,0.0829528196187645,0.07705408733461727
bring,0.10247135908729334,0.212287129568911,0.35286748545108215,0.150715483649289,0.18165854224342487
broad,0.13179098602636236,0.2792197880367436,0.38587831317902305,0.09591339796430544,0.10719751479356508
bs,0.11558156572548463,0.2909775761934843,0.2507858876637304,0.14792934062926688,0.19472562978803343
build,0.09166106719299054,0.16112076442190365,0.3585802690241593,0.1594624289940018,0.22917547036694497
building,0.06604582554217252,0.15588468954316054,0.3526211240583148,0.15772626426913702,0.2677220965872151
builds,0.10144658893887444,0.34014517616510026,0.17996231724915765,0.13945607271078375,0.23898984493608438
built,0.09744431825147809,0.19529149388973222,0.31761231088938524,0.1095989333906089,0.2800529435787951
businesses,0.1754116970866856,0.27583042961727305,0.3083575023606371,0.04552880577553452,0.19487156515986948
ca,0.26911441559478444,0.3727156102849061,0.17054840374865618,0.10089404026994324,0.08672753010171012
california,0.20765243851804804,0.4407238209334908,0.1886239903053823,0.10337624924466217,0.05962350099841696
candidate,0.14237933067896205,0.36539276419391287,0.27611567496075484,0.1019065521119467,0.11420567805442315
candidates,0.15307752644062647,0.26948846879200444,0.30282134805876976,0.15751859872287735,0.1170940579857216
capabilities,0.2368826068572528,0.22220510737796706,0.2790983640693968,0.13079286545614566,0.13102105623923768
capital,0.1780899097982463,0.34074057726231255,0.21339328841745428,0.10360539748318993,0.16417082703879696
care,0.2085973605321488,0.40397518714404435,0.2701433088876257,0.06668048865796561,0.05060365477821518
career,0.19188351334018866,0.30708957079276683,0.3146013563267754,0.06950068053798403,0.11692487900228528
cases,0.48682558538671883,0.1669911681936522,0.1611103850593158,0.0782213236720284,0.10685153768828447
center,0.2411225711906881,0.4421423472139223,0.20538642398158438,0.0441486325757283,0.067200025038077
certification,0.4821766998687648,0.379964944010008,0.12219468271021351,0.008608262004960685,0.007055411406053228
chain,0.34501695062847876,0.3578752275382239,0.24965839329395895,0.031807563867157905,0.015641864672180355
challenge,0.13806349562564482,0.1976412698054697,0.43475292766802937,0.027403182596273577,0.20213912430458325
challenges,0.11719293150769833,0.20768390582688762,0.29067772436702205,0.16560852805734114,0.2188369102410509
challenging,0.15058154860846487,0.1465815947375714,0.4107901442305589,0.15323425864744206,0.138812453775963
chance,0.07857237880738388,0.27652352886020437,0.4370740180363685,0.10196887190126369,0.10586120239477995
change,0.4041767541852013,0.21260447013666411,0.24755543799415958,0.059294519865524226,0.07636881781845113
changes,0.4809495736714859,0.2669752166582134,0.13811905991731147,0.022352905612076028,0.09160324414091313
changing,0.1428105918207696,0.330764730809612,0.30061697030116546,0.09415885062466889,0.13164885644378418
characteristic,0.17922486594961,0.21056005907860648,0.24957807909729143,0.10426566837288405,0.25637132750160824
characteristic protected,0.18255972954747057,0.19192715350821918,0.22631671505264658,0.12319867590542011,0.27599772598624345
characteristics,0.1353567879553815,0.3074429285279612,0.39831288416210664,0.05074679178592886,0.10814060756862157
citizenship,0.10278929537031466,0.23347068490124226,0.2638628217641738,0.11561061064109643,0.28426658732317306
class,0.08493396396116445,0.2741422829973037,0.37364185122110855,0.06536134056949233,0.20192056125093044
classification,0.12173697517172195,0.20582140028908552,0.3670594896825021,0.2522242016531583,0.05315793320353254
clean,0.03074232823780912,0.4289351523023553,0.33683814017385566,0.0806795276073725,0.12280485167860758
clear,0.16524556222001915,0.2763425010197357,0.3780302201471476,0.0905458614842161,0.08983585512888184
clearly,0.2734091424555759,0.2785253791097654,0.185116012546509,0.09296890923603775,0.16998055665211226
client,0.38222759434893583,0.44966330203779076,0.07315529286276834,0.026486998091127367,0.06846681265937753
clients,0.4018575113726064,0.346592032520069,0.1701264148081246,0.025760677026548336,0.05566336427265184
clinical,0.07647849132186649,0.6135456739045947,0.27491726131256977,0.03262750053768694,0.0024310729232825835
closely,0.1478767423974756,0.2413907917856431,0.33972019009297627,0.13049879468426334,0.14051348103964165
cloud,0.1375734086833479,0.08101272530247537,0.21533814299392515,0.20440102201373833,0.3616747010065133
code,0.009267854741142351,0.10284702952982795,0.2593780364743589,0.16886670875562163,0.4596403704990492
coding,0.016171106887210334,0.19414575546128843,0.18730869277905285,0.30919928090796867,0.2931751639644793
collaborate,0.17386890939128208,0.2470666242816085,0.3209493523446593,0.12362752447561068,0.13448758950683984
collaborating,0.19105411982787826,0.1422192948982085,0.3905232776611508,0.03792089217854923,0.2382824154342123
collaboration,0.18685326822357465,0.29798969712521717,0.23522371561313232,0.12967332429833453,0.15025999473974166
collaborative,0.1525832863499441,0.21521716999266025,0.3070703609291729,0.11557785509225098,0.20955132763597184
collect,0.18827752726488203,0.46837261600454366,0.15062611460629985,0.07058737591519987,0.12213636620907459
collection,0.06304848932738372,0.6193165158350779,0.19916886108227125,0.07091277671354254,0.04755335704172476
color,0.160331722402357,0.24807356236816594,0.3027379989316417,0.1006054547709468,0.18825126152688867
color national,0.053531835776698004,0.24566071975749845,0.42374425624907874,0.1290194428581855,0.1480437453585387
color religion,0.18471948042016337,0.23348814312869146,0.2718722682618623,0.08372428857471634,0.2261958196145664
com,0.17984861733808322,0.26913935573188386,0.26470327562770185,0.10566962133377722,0.18063912996855352
combination,0.19890552640928313,0.3405075227168745,0.1868033092941247,0.11571506857734307,0.15806857300237465
come,0.03576049802045017,0.19725994520817766,0.2724091085271601,0.18322921113230328,0.31134123711190864
comfortable,0.12906655946056395,0.24581370575648903,0.34256025220691866,0.13254245119900657,0.1500170313770217
commerce,0.1393143201045856,0.295159146334214,0.13083787312197628,0.06452004841108742,0.37016861202813683
commitment,0.180815502838403,0.3449843689903755,0.21056930539057667,0.05694341394149982,0.20668740883914485
committed,0.11567026848276867,0.2520043224187163,0.35348645019204317,0.1383584866215508,0.1404804722849215
common,0.13251272148421767,0.2200464330427936,0.35870914429185236,0.1665758580799125,0.12215584310122458
communicate,0.2523616204035234,0.29136186673546344,0.29212480617203496,0.09021261249909532,0.07393909418988262
communicating,0.19378638663634987,0.33626910555240913,0.3560784235435152,0.028429321164799296,0.0854367631029257
communication,0.2283874903226271,0.34464570133598293,0.24446407855394878,0.0841294208849937,0.0983733089024479
communication skills,0.2501604688981066,0.31869460259163296,0.25070745835050234,0.07364560377378952,0.10679186638596849
communications,0.24738615961143623,0.4747490760719809,0.19250546723269443,0.039749087648247874,0.04561020943564004
communities,0.1358636185649899,0.21689758100232626,0.36237583848641663,0.07946142097581427,0.20540154097045296
community,0.11743441264722305,0.2768962328570771,0.3945903482554322,0.04989782249378362,0.16118118374648444
companies,0.18338281594785016,0.18984561642374945,0.32531400855218345,0.15387418011667275,0.14758337895954385
compensation,0.1831370623688671,0.326107910188963,0.205554118495236,0.16578916066083346,0.11941174828610089
competitive,0.20984997548053824,0.21546883869404915,0.3158709163583336,0.17136090157184258,0.0874493678952364
competitive salary,0.18452172994608834,0.20075199982781947,0.37717077675776595,0.20753785497570043,0.03001763849262548
complete,0.2004049578698344,0.4059804734125256,0.19838510437309323,0.030459764962885345,0.1647696993816615
complex,0.1643973096584847,0.2831306414716721,0.36817200575529235,0.058186333059772194,0.12611371005477848
complex problems,0.16819784895089152,0.1855606062824541,0.36858269278500777,0.16395412085392072,0.11370473112772636
compliance,0.2546992375824296,0.5536050872530078,0.10813254897368237,0.0353180811750561,0.04824504501582452
comprehensive,0.2262696118332214,0.278440784064763,0.23655933450479605,0.08162986715696728,0.17710040244025246
computer,0.09218609968806865,0.19773977127354703,0.2965074966472199,0.22480340642604182,0.18876322596512252
computer engineering,0.08871917687915197,0.1926547993822257,0.28841934166615807,0.2225983575662034,0.207608324506261
computer related,0.11562132229909121,0.2326033952638639,0.20993380947888332,0.1647214209050784,0.2771200520530826
computing,0.05452035148673278,0.1688657951395454,0.27463487710697687,0.3512014638715257,0.1507775123952187
concepts,0.20274340535065988,0.2843291154593366,0.3194976260828733,0.08889398332490772,0.10453586978222251
conditions,0.20045223192823802,0.345225655627639,0.29445154683118346,0.0982754444843054,0.06159512112863417
conduct,0.30009669646699294,0.3321422550942796,0.24322970880085173,0.060107894152714635,0.06442344548516085
connect,0.03741539801970565,0.19251374243543087,0.4768849872795029,0.1502941734508627,0.1428916988144977
consider,0.106505117654062,0.2517845288493991,0.41438893487153156,0.11978992213175471,0.1075314964932527
consideration,0.2034870239058403,0.2557054958675782,0.2119539826646816,0.04577375300908552,0.28307974455281454
consideration employment,0.18623186683449178,0.23434392130691634,0.2175594899780265,0.056196935219668,0.3056677866608977
considered,0.20471938560789263,0.42875684000039876,0.14565411346424784,0.14652580987908118,0.07434385104837987
consistent,0.18325975380498774,0.36293495303057244,0.29080568798432044,0.06396780027733258,0.09903180490278679
constantly,0.26239828790468084,0.19350613959031168,0.3211095549333701,0.09837608798512897,0.12460992958650763
consulting,0.5245451297219798,0.27683752862564237,0.13651183942754763,0.021324351251516372,0.040781150973314154
consumer,0.1022623789639367,0.2891572694730836,0.4161747287282388,0.07120160039433245,0.12120402244040893
contact,0.20091799026799242,0.264609494493176,0.21829227991716882,0.10191222687674296,0.21426800844491992
content,0.21491902566894505,0.2943124451686277,0.26342154490388253,0.14339721009811018,0.08394977416043438
continuous,0.13267334069664194,0.24145264509271094,0.2762890802826072,0.11029467777793289,0.2392902561501067
contract,0.3529019272911885,0.46477271876765935,0.13647115422978418,0.04202690613466265,0.0038272935767051145
contribute,0.13024263310213202,0.21130491572344953,0.3150618867460614,0.1287321527471983,0.21465841168115915
control,0.1398894492253045,0.2855251091203773,0.26699401841160914,0.1370366826312095,0.17055474061149936
conviction,0.13835674337996773,0.3681294922981876,0.2858648303284414,0.11411731986247367,0.09353161413092898
coordinate,0.4422558429750049,0.330389888072721,0.1642070356663262,0.034703732307875115,0.02844350097807203
core,0.09717575693089305,0.2925828059911243,0.27803437151241006,0.10929687335453628,0.22291019221103586
corporate,0.31391242187957974,0.3716438704891846,0.23106942907840788,0.028627131856465954,0.05474714669636161
cost,0.25690702114431024,0.45910705373506966,0.17645540538341722,0.047439888769506604,0.06009063096769594
coverage,0.174539063770438,0.3478960405617454,0.19514214386098339,0.12152524513600682,0.160897506670826
covid,0.2184279632009038,0.44080954327993255,0.22515137784012532,0.04194422993798946,0.07366688574104867
create,0.17609805380918567,0.3183519773352197,0.2711389937706269,0.11183174975222204,0.12257922533274601
creates,0.2312436050739458,0.2796709330514369,0.2566599553747238,0.07093296391100562,0.1614925425888876
creating,0.16027050752823777,0.30072106139167515,0.2770422197872753,0.12278694259987118,0.13917926869294042
creation,0.36547091297223905,0.27205388502243627,0.2759333633806117,0.04029975932619938,0.0462420792985135
creative,0.17004994592379097,0.21746471892599842,0.3538526736743699,0.13875794274399816,0.11987471873184281
creativity,0.14590058330380992,0.2924043534200842,0.2982274030824828,0.14479353528821137,0.11867412490541204
creed,0.08996885650925068,0.2821989361951985,0.23470774225685542,0.03373034258169634,0.3593941224569993
criminal,0.14411724360360248,0.32734100811755806,0.33385979938900584,0.09725613436826398,0.09742581452157033
critical,0.25085997970816254,0.31140628119678043,0.21398227246050475,0.11130717145798506,0.11244429517656702
cross,0.17117380578114874,0.3045249365932559,0.3196699941015122,0.06860085902171256,0.13603040450237094
cross functional,0.19910370420172557,0.3599418423787238,0.30571287622565585,0.039100407332673864,0.09614116986122113
culture,0.13351288647903314,0.27024745610100415,0.33636210080667683,0.09772738963678464,0.1621501669765014
curiosity,0.009975713934489743,0.2621895837056774,0.4215938009006737,0.1683003627068823,0.13794053875227694
current,0.3816127774166807,0.339725781737339,0.20523412043794048,0.04035334469819525,0.033073975709844126
currently,0.18997891802742806,0.28082333045672486,0.2973663864808582,0.13453657685177448,0.09729478818321458
customer,0.1716199596191785,0.3366924807796602,0.27854848508674634,0.08413988535678359,0.12899918915763084
customers,0.16689309930162366,0.23422126424087605,0.270205889753147,0.1163113121946988,0.21236843450965434
cutting,0.03331532451462227,0.14917964273666137,0.35668645307903774,0.30726118877573044,0.15355739089394804
cutting edge,0.03331532451462227,0.14917964273666137,0.35668645307903774,0.30726118877573044,0.15355739089394804
cycle,0.3102280309991211,0.2905915798104921,0.1044471234404319,0.1382529056758028,0.15648036007415247
daily,0.15150021895120425,0.30003709874939405,0.29928352713309736,0.09988815468067007,0.14929100048563407
dashboards,0.20431164088981607,0.5391445514265389,0.20112774661110436,0.030454923342560652,0.02496113772998015
database,0.12375580216070585,0.5023306257250589,0.16447075240852396,0.039394062093740204,0.1700487576119713
databases,0.08642084658217716,0.42062608691601666,0.27147507927477893,0.07038654036926108,0.1510914468577658
datasets,0.04202819403876895,0.3384520266077777,0.4413578657323197,0.16759553982288306,0.010566373798250685
date,0.25402228595916937,0.24727459717920108,0.2530251204708831,0.18181385737837938,0.06386413901236795
day,0.15403568941418747,0.2645079231481845,0.2714473067808809,0.12653029273858302,0.18347878791816366
day day,0.26912221808845804,0.29577644665058067,0.22013512256347753,0.12693489209716463,0.08803132060031972
days,0.19042207744688028,0.2736323127120928,0.3150920487970179,0.11218647322246755,0.10866708782154076
deadlines,0.3369475389361514,0.5050113705447895,0.10548209572663794,0.018046492278941714,0.03451250251347911
decision,0.1373143205765421,0.2864288336464906,0.4687577717424004,0.06128653919184393,0.046212534842722496
decision making,0.18083920592875624,0.34847845186986337,0.3777989313792497,0.062264080155887205,0.030619330666243963
decisions,0.14006667595524566,0.37452011478270536,0.34134952889408593,0.07378350143734176,0.07028017893062122
dedicated,0.10780558634097888,0.32881797313370253,0.26324027138074535,0.12125260342042812,0.17888356572414515
deep,0.03988536006567084,0.09758934982758935,0.32092885824405276,0.4352673062030352,0.10632912565965166
deep understanding,0.08469580300066414,0.21069532509961816,0.43306509036036994,0.15876707570194157,0.11277670583740575
define,0.27405163475007577,0.24331942427458841,0.26869050890365337,0.07790559465024641,0.13603283742143618
degree,0.21493472717374254,0.3247117218762574,0.2698664741055795,0.087513200525316,0.10297387631910425
degree computer,0.1304291309186263,0.16543858209990994,0.20415549133462849,0.22671520244983848,0.2732615931969966
degree quantitative,0.06009554098898693,0.24569664296843308,0.5982543019901709,0.04055489727124042,0.05539861678116857
deliver,0.16816736368191937,0.27659701003029036,0.30316331711354727,0.09348474010699337,0.1585875690672498
deliverables,0.43845981638575326,0.28235311261806517,0.1203670890912947,0.05310853079357576,0.10571145111131083
delivering,0.2113050110763125,0.20569203721062587,0.3211255266058148,0.11667039741996713,0.14520702768727997
delivery,0.2877810131036978,0.22237645934567674,0.2201178235785654,0.07007441869716176,0.1996502852748983
demand,0.1366741338695679,0.3459133804008018,0.2823883183027246,0.0922332234222146,0.14279094400469172
demonstrate,0.2646722426638892,0.34561685441523454,0.16369145938608648,0.06534567616469268,0.16067376737009684
demonstrated,0.2769838760918327,0.35660245970940363,0.23775419117904714,0.04354764745190323,0.08511182556781337
demonstrated ability,0.3705849732488452,0.29267664926763537,0.20356886037810085,0.02359299069988559,0.1095765264055332
dental,0.29159206807132326,0.2891519393195227,0.2380195297462846,0.11340793917039911,0.06782852369247007
dental insurance,0.2703095188262524,0.32160233869064647,0.17864418827889897,0.14638303044114612,0.08306092376305634
dental vision,0.18480210188101934,0.31827246905427575,0.29816373359967946,0.13323923000689022,0.0655224654581355
department,0.2686521025555149,0.571886192340966,0.10813123779088572,0.04316602023386422,0.008164447078768617
departments,0.33796138809817855,0.44983525658660145,0.13602790699555503,0.06981734359007312,0.0063581047295916005
deploy,0.031093998131003102,0.06658968064044214,0.23945733037331124,0.49660915171288444,0.16624983914235886
deploying,0.037736325647105905,0.06612105878316535,0.4607238335885929,0.3310579487720707,0.1043608332090652
deployment,0.05489151163073362,0.14842613311788955,0.3035821740903457,0.24009357140879226,0.25300660975223915
depth,0.15850148062343247,0.3287072254564063,0.22652244871010016,0.17827199706327596,0.10799684814678573
design,0.144151474008464,0.18843283590324034,0.24700073309692316,0.13566151739880264,0.2847534395925695
design develop,0.07451409310875037,0.16924774404007673,0.24104344209389134,0.2328014738692885,0.2823932468879935
design development,0.055927909328632154,0.3593190176500226,0.09454505221432001,0.08806562606053757,0.402142394746487
design implement,0.09842383108494619,0.09580936212925709,0.22688671153383505,0.19121016999349935,0.38766992525846217
designed,0.327883023903724,0.30498786278767864,0.13001627965612628,0.12292705667386114,0.11418577697861045
designing,0.09621773204969122,0.18325147407254022,0.3968134366834644,0.1270401068053433,0.1966772503889608
designs,0.24852248027994245,0.21576727571332013,0.22078507680864665,0.09821031718095749,0.21671485001713325
desire,0.12007878012351204,0.11688908267514747,0.3117833504639109,0.11916765987819802,0.3320811268592317
desired,0.3339269718567906,0.30772038534795165,0.1798027820781313,0.12519300116746418,0.05335685954966199
detailed,0.4694978601465793,0.3074541325678942,0.10422022247509571,0.04800547134326478,0.07082231346716543
details,0.22471318092870138,0.3997735918863224,0.18193165662040994,0.04357630078762871,0.15000526977693787
detection,0.024996133722920776,0.14112648214859333,0.2394477315416509,0.3317452038264857,0.2626844487603497
determine,0.21618929542588514,0.35832795797331674,0.3896085928191306,0.019715306036813696,0.01615884774485328
develop,0.172607881581893,0.27414251864506567,0.29992839617139083,0.11868352115108717,0.13463768245056346
developers,0.2418495688678448,0.09517190088891443,0.14981209224286152,0.10996408546404712,0.40320235253633213
developing,0.14217829716685484,0.23935328957646393,0.30004435880017816,0.14109949269482588,0.17732456176167677
development,0.19235532693928825,0.20725671364689496,0.21650617651248713,0.13707580994161958,0.24680597295970966
development experience,0.027084335065769814,0.09667124047486596,0.24588534037221682,0.1726218039085879,0.4577372801785592
develops,0.3230691493764118,0.3403356177628372,0.19534765486371755,0.10453018739272521,0.036717390604307856
difference,0.12869667857168862,0.20879676778458292,0.2497902538546339,0.18334939731319205,0.2293669024759027
different,0.12709981715415247,0.2987472709907009,0.31151758159794146,0.15690016090758072,0.10573516934962411
digital,0.1929245778190661,0.2128398302961927,0.3309669122285742,0.11862055673253236,0.14464812292363458
direct,0.1758373193703789,0.33643068141477894,0.2904162734919685,0.10229493285939163,0.0950207928634816
direction,0.2656922977453118,0.3219737032513639,0.29026552413482604,0.06708499255833068,0.05498348231016733
directly,0.20544547602235705,0.2510489557278287,0.27504974272029653,0.10324471394496683,0.16521111158455132
disabilities,0.19655038030357652,0.28031972952756734,0.32196184850196236,0.08739853650630143,0.11376950516059225
disability,0.15457364716237554,0.23157078001596307,0.289307956266104,0.10727175856768988,0.21727585798786786
disability status,0.19124278171960254,0.21594876487358702,0.3376607783587283,0.16347391008660153,0.09167376496148093
discipline,0.13425648039101853,0.211808215302642,0.4739161117223771,0.09893288343171053,0.08108630915225164
discover,0.09230816658586918,0.16972828391617056,0.5490478399194274,0.10382212921788744,0.08509358036064554
discriminate,0.09116974751837126,0.24756013100287622,0.4010743364539213,0.1673048963048478,0.09289088871998363
discriminate basis,0.08629995673727005,0.28935930024346607,0.3692237604571697,0.1402042656395845,0.11491271692250947
distributed,0.01989615254733486,0.05379901006171458,0.1224944240862569,0.2759938327345616,0.5278165805701317
distributed systems,0.006523724832003549,0.019051298084148224,0.05514115512966879,0.09538691275145153,0.8238969092027283
diverse,0.12078577525890351,0.2528717223107087,0.31233935156623255,0.11724201843375362,0.19676113243040128
diversity,0.1347459134690682,0.2549086900161714,0.2745840393537894,0.09436337801283305,0.241397979148138
document,0.5291518120003413,0.2705179144675914,0.1036814831689944,0.029971835032634633,0.06667695533043842
documentation,0.4363378007462125,0.3242153159838064,0.15276167056816614,0.03194321503231082,0.05474199766950441
documents,0.5043479221956654,0.30117146242769294,0.07562660269507553,0.05243554253437013,0.06641847014719572
does,0.16019460715913927,0.3172558132263017,0.274956176136789,0.13047250321741316,0.11712090026035692
doing,0.11234741810140586,0.3165773707327722,0.3387482389576234,0.13966210905987544,0.09266486314832321
domain,0.1380436953179468,0.1060869387813033,0.36164008364840144,0.10623218983719093,0.28799709241515714
drive,0.15227582148233168,0.282525489127898,0.3630272740076996,0.1097883248970577,0.09238309048501314
driven,0.12547734519606688,0.30780349399548257,0.3441009636174696,0.08844060853243663,0.13417758865854387
driving,0.11002872617144498,0.1927907857021808,0.26866874639908295,0.22275547969121987,0.2057562620360718
duties,0.3335360641980887,0.4939014032396901,0.11960163614117465,0.02500928909237709,0.02795160732866913
duties assigned,0.2573973086615076,0.6209529639111664,0.0735718914675859,0.03776132514728646,0.010316510812454292
duties responsibilities,0.38018642107565814,0.37008738729166557,0.19536935626500232,0.008068086353695427,0.046288749013978885
dynamic,0.2569061029082358,0.3215337560002847,0.2412748960145313,0.0884543929612079,0.09183085211574045
easy,0.11708223158638516,0.3068480492406216,0.3806254898075498,0.07090804070532554,0.12453618866011845
economics,0.1718814836680847,0.42032976493542645,0.3897787401993731,0.014145434692402889,0.0038645765047132393
edge,0.08888881482164997,0.14117665631056706,0.2855910461081842,0.3420240753765452,0.14231940738305326
education,0.22552186656206843,0.4684265420039246,0.1740269188870271,0.05654664666589538,0.07547802588108474
education bachelor,0.2914735710513611,0.5165360137550707,0.07720847524798392,0.025217709395477825,0.0895642305501066
education experience,0.24012665147697293,0.4864487020770458,0.0914255571518304,0.08029363731680067,0.10170545197735022
eeo,0.0938127013009688,0.15578240386411382,0.21248794319040645,0.10551433049737621,0.43240262114713446
effective,0.18374312157823688,0.40757143510160726,0.23479944363779584,0.0711459783910305,0.1027400212913293
effectively,0.24908742051924837,0.39168362974180315,0.19794240560859314,0.04549559409804675,0.11579095003230883
efficiency,0.30894875728990895,0.32850283949138975,0.20980153909693053,0.06949703149226849,0.0832498326295022
efficient,0.1376671725612104,0.23776015304648948,0.2627525650364284,0.1448493341216731,0.21697077523419897
efficiently,0.2210917301119846,0.31087158263238873,0.238401038968149,0.10130974572517093,0.12832590256230642
effort,0.2695491749376934,0.12783055775937144,0.09736488937708927,0.11660427284797938,0.388651105077867
efforts,0.15609228806388117,0.35727831572144386,0.360544463436724,0.05219419622379039,0.07389073655416008
email,0.19997267937324495,0.3837597257712462,0.20926902176525305,0.096392598181082,0.11060597490917376
employee,0.29864626755540663,0.3856399794784893,0.16599565681718537,0.06169547708139819,0.08802261906752008
employees,0.20847152164974866,0.3050388788820668,0.26720652664385997,0.08995581718924361,0.12932725563508093
employer,0.16563284873387196,0.29661963859655743,0.2742994087702107,0.1294095640573107,0.13403853984204891
employer committed,0.2048176455417736,0.31665758503942726,0.32813621318035907,0.09485632486222215,0.055532231376217635
employer qualified,0.1474103171326284,0.24331693360038345,0.1865947645573956,0.05046007488033429,0.3722179098292581
employment,0.1772702156238281,0.31819110585680255,0.2511700737198237,0.11640210919269849,0.13696649560684684
employment opportunities,0.2152720602692575,0.2757285634150054,0.24473699216450823,0.19115036494418636,0.07311201920704286
employment opportunity,0.19950532579305802,0.30135381419645646,0.2907412982941823,0.10058880626789479,0.10781075544840826
employment regard,0.1769811479591095,0.23984068919969548,0.2705033450208541,0.06635223545993216,0.2463225823604084
empower,0.050087627193792755,0.2004459824267022,0.4965343178648461,0.09389209165825092,0.15903998085640808
enable,0.13718246775166154,0.3012378732696827,0.3205912383335669,0.09688214056248859,0.14410628008260012
enables,0.10988105532769483,0.205696622786055,0.27783389651866996,0.18062708641204805,0.22596133895553186
encourage,0.010599895952785867,0.2992314818643446,0.408153170974524,0.15498681757126256,0.1270286336370835
end,0.16599192639891014,0.18059234101907382,0.2344934685328074,0.15531914974972005,0.2636031142994886
end end,0.12717689231224333,0.14775967313717933,0.25814221554716094,0.19841055697968654,0.26851066202373014
engagement,0.14822392979293184,0.3199398571197382,0.39340652594432673,0.10872553478948782,0.029704152353515374
engineering,0.06572434846607572,0.15903224177460132,0.3227357315926673,0.22458331070146098,0.22792436746519487
engineering team,0.048878703308230166,0.10467670415689216,0.26624740620092846,0.3188581160656577,0.2613390702682916
engineering teams,0.02789629419413122,0.26250098703530905,0.42791652258635,0.1359622735430018,0.14572392264120795
engineers,0.02960968004664154,0.07433337927441452,0.2883261651058454,0.24714340873283036,0.36058736684026793
enhance,0.1937205577262044,0.24940523021108482,0.2523598080241096,0.09137074696633121,0.21314365707226998
enjoy,0.11287221246577564,0.2856722589851186,0.3180138309365609,0.11002438187581298,0.1734173157367323
ensure,0.3291176243620721,0.38872184876790494,0.1689707177068122,0.044420372049249125,0.06876943711396118
ensuring,0.32410803595049287,0.3154986332383536,0.1652391953922626,0.13539883050331014,0.05975530491558087
enterprise,0.25191889652455796,0.302552891973955,0.1997197862876095,0.09199407034084787,0.15381435487302994
entire,0.17873437719574517,0.21574337064866403,0.24843199254609716,0.15278175335224722,0.20430850625724584
environment,0.22994698110054437,0.3171613401558943,0.22378529957892201,0.09141877265192537,0.13768760651271406
environments,0.07325561311707363,0.2139290907832168,0.2593172164471493,0.09506893317173483,0.3584291464808255
equal,0.16225111400985615,0.2724220303315044,0.2996448067342718,0.126150347087665,0.1395317018367024
equal employment,0.17575117253456443,0.2981725811877065,0.2876720960091319,0.1411952223263298,0.09720892794226736
equal opportunity,0.15431249668209615,0.26813800301709356,0.2912014251233153,0.12814280245463627,0.1582052727228589
equity,0.10794425051007252,0.14216284725333223,0.43532255539649456,0.12140856371965213,0.19316178312044896
equivalent,0.14700397221758638,0.33532165645410555,0.23696806572554652,0.1209205610373396,0.15978574456542183
